x y_modified                                    
 Alfa =   5.00000 Re =  1000000.000 Xflap,Yflap =     0.000000    0.000000
#    x        y        Cp  
   1.00000  0.00126  0.16820
   0.99382  0.00217  0.16545
   0.98343  0.00391  0.15565
   0.97178  0.00614  0.14156
   0.95901  0.00887  0.12195
   0.94528  0.01208  0.09583
   0.93073  0.01570  0.06201
   0.91550  0.01963  0.02006
   0.89983  0.02372 -0.02870
   0.88413  0.02778 -0.08138
   0.86861  0.03168 -0.13414
   0.85325  0.03539 -0.18482
   0.83798  0.03889 -0.23130
   0.82275  0.04218 -0.27309
   0.80750  0.04526 -0.30918
   0.79218  0.04816 -0.34005
   0.77676  0.05088 -0.36612
   0.76122  0.05344 -0.38807
   0.74554  0.05586 -0.40713
   0.72971  0.05814 -0.42332
   0.71376  0.06030 -0.43855
   0.69768  0.06236 -0.45235
   0.68150  0.06433 -0.46638
   0.66524  0.06620 -0.48022
   0.64890  0.06799 -0.49470
   0.63253  0.06970 -0.50987
   0.61613  0.07133 -0.52600
   0.59971  0.07288 -0.54252
   0.58329  0.07435 -0.56018
   0.56688  0.07574 -0.57823
   0.55049  0.07704 -0.59686
   0.53411  0.07825 -0.61592
   0.51775  0.07937 -0.63520
   0.50142  0.08039 -0.65504
   0.48512  0.08131 -0.67458
   0.46884  0.08212 -0.69438
   0.45259  0.08283 -0.71402
   0.43637  0.08342 -0.73331
   0.42018  0.08389 -0.75209
   0.40402  0.08425 -0.77049
   0.38789  0.08447 -0.78782
   0.37179  0.08458 -0.80455
   0.35574  0.08454 -0.82188
   0.33973  0.08438 -0.84917
   0.32377  0.08407 -0.90640
   0.30787  0.08361 -0.95480
   0.29202  0.08300 -0.96810
   0.27625  0.08223 -0.98640
   0.26056  0.08130 -1.00761
   0.24496  0.08020 -1.03050
   0.22946  0.07892 -1.05509
   0.21409  0.07746 -1.08114
   0.19885  0.07579 -1.10835
   0.18378  0.07393 -1.13705
   0.16890  0.07186 -1.16702
   0.15424  0.06957 -1.19848
   0.13986  0.06706 -1.23139
   0.12582  0.06432 -1.26597
   0.11220  0.06137 -1.30195
   0.09911  0.05821 -1.33937
   0.08669  0.05487 -1.37853
   0.07509  0.05141 -1.41816
   0.06447  0.04788 -1.45871
   0.05493  0.04437 -1.49820
   0.04652  0.04095 -1.53660
   0.03921  0.03765 -1.57159
   0.03292  0.03452 -1.60385
   0.02752  0.03156 -1.62996
   0.02288  0.02875 -1.65127
   0.01889  0.02609 -1.66801
   0.01545  0.02355 -1.66899
   0.01249  0.02113 -1.66479
   0.00995  0.01881 -1.64792
   0.00776  0.01656 -1.60404
   0.00589  0.01437 -1.54190
   0.00429  0.01222 -1.45446
   0.00295  0.01010 -1.33067
   0.00188  0.00802 -1.16216
   0.00107  0.00601 -0.96039
   0.00049  0.00407 -0.73575
   0.00014  0.00220 -0.48657
   0.00000  0.00037 -0.20951
   0.00009 -0.00145  0.08628
   0.00040 -0.00329  0.36425
   0.00097 -0.00514  0.61131
   0.00184 -0.00698  0.80722
   0.00303 -0.00878  0.93679
   0.00453 -0.01052  0.99314
   0.00633 -0.01218  0.99630
   0.00841 -0.01378  0.96661
   0.01079 -0.01531  0.91870
   0.01351 -0.01679  0.86165
   0.01660 -0.01825  0.80169
   0.02014 -0.01970  0.73960
   0.02418 -0.02114  0.68150
   0.02883 -0.02258  0.62339
   0.03421 -0.02403  0.56886
   0.04050 -0.02549  0.51704
   0.04787 -0.02696  0.46782
   0.05650 -0.02843  0.42267
   0.06648 -0.02986  0.38045
   0.07783 -0.03121  0.34294
   0.09044 -0.03244  0.30967
   0.10408 -0.03352  0.28117
   0.11849 -0.03442  0.25707
   0.13347 -0.03515  0.23674
   0.14884 -0.03570  0.21978
   0.16451 -0.03609  0.20556
   0.18039 -0.03633  0.19389
   0.19643 -0.03644  0.18401
   0.21260 -0.03642  0.17580
   0.22888 -0.03630  0.16917
   0.24525 -0.03607  0.16359
   0.26170 -0.03576  0.15911
   0.27821 -0.03536  0.15551
   0.29479 -0.03488  0.15267
   0.31142 -0.03434  0.15036
   0.32810 -0.03374  0.14868
   0.34482 -0.03309  0.14748
   0.36159 -0.03238  0.14663
   0.37839 -0.03163  0.14620
   0.39523 -0.03085  0.14574
   0.41211 -0.03003  0.14577
   0.42901 -0.02918  0.14579
   0.44593 -0.02831  0.14594
   0.46287 -0.02741  0.14616
   0.47983 -0.02650  0.14644
   0.49680 -0.02557  0.14690
   0.51378 -0.02462  0.14738
   0.53077 -0.02366  0.14804
   0.54776 -0.02269  0.14876
   0.56476 -0.02170  0.14965
   0.58176 -0.02070  0.15080
   0.59876 -0.01969  0.15233
   0.61576 -0.01867  0.15419
   0.63279 -0.01763  0.15646
   0.64982 -0.01659  0.15921
   0.66686 -0.01555  0.16241
   0.68385 -0.01451  0.16589
   0.70077 -0.01350  0.16972
   0.71761 -0.01251  0.17363
   0.73436 -0.01156  0.17730
   0.75099 -0.01068  0.18074
   0.76753 -0.00986  0.18341
   0.78396 -0.00914  0.18520
   0.80032 -0.00851  0.18559
   0.81664 -0.00799  0.18440
   0.83295 -0.00758  0.18068
   0.84930 -0.00728  0.17422
   0.86574 -0.00707  0.16460
   0.88226 -0.00693  0.15137
   0.89867 -0.00680  0.13593
   0.91469 -0.00663  0.12064
   0.93012 -0.00634  0.10874
   0.94483 -0.00589  0.10475
   0.95870 -0.00523  0.11284
   0.97160 -0.00435  0.13421
   0.98336 -0.00328  0.15756
   0.99380 -0.00208  0.16680
   1.00000 -0.00126  0.16820
