x y_modified                                    
 Alfa =   5.00000 Re =  1000000.000 Xflap,Yflap =     0.000000    0.000000
#    x        y        Cp  
   1.00000  0.00126  0.15840
   0.99338  0.00216  0.13761
   0.98216  0.00355  0.10379
   0.96944  0.00494  0.07746
   0.95540  0.00629  0.05881
   0.94028  0.00759  0.04887
   0.92434  0.00884  0.04456
   0.90787  0.01008  0.04393
   0.89123  0.01136  0.04384
   0.87463  0.01271  0.04264
   0.85816  0.01416  0.03914
   0.84177  0.01574  0.03300
   0.82542  0.01746  0.02392
   0.80908  0.01934  0.01189
   0.79269  0.02136 -0.00278
   0.77623  0.02352 -0.02017
   0.75968  0.02581 -0.03985
   0.74300  0.02822 -0.06174
   0.72621  0.03073 -0.08569
   0.70929  0.03332 -0.11116
   0.69226  0.03597 -0.13793
   0.67515  0.03865 -0.16589
   0.65799  0.04136 -0.19470
   0.64082  0.04406 -0.22427
   0.62371  0.04673 -0.25429
   0.60666  0.04936 -0.28460
   0.58968  0.05194 -0.31530
   0.57275  0.05446 -0.34656
   0.55588  0.05691 -0.37793
   0.53907  0.05929 -0.40992
   0.52232  0.06158 -0.44203
   0.50562  0.06378 -0.47471
   0.48897  0.06587 -0.50786
   0.47239  0.06786 -0.54085
   0.45587  0.06973 -0.57403
   0.43941  0.07147 -0.60722
   0.42300  0.07307 -0.63955
   0.40667  0.07454 -0.67137
   0.39039  0.07585 -0.70156
   0.37419  0.07699 -0.73044
   0.35806  0.07797 -0.76411
   0.34200  0.07877 -0.82905
   0.32602  0.07938 -0.92897
   0.31011  0.07979 -0.94742
   0.29429  0.08000 -0.96978
   0.27856  0.08000 -0.99462
   0.26292  0.07978 -1.02155
   0.24739  0.07933 -1.05017
   0.23197  0.07864 -1.07975
   0.21668  0.07770 -1.10971
   0.20154  0.07652 -1.13971
   0.18656  0.07507 -1.16940
   0.17177  0.07335 -1.19873
   0.15721  0.07137 -1.22770
   0.14294  0.06911 -1.25582
   0.12901  0.06658 -1.28365
   0.11552  0.06379 -1.31069
   0.10256  0.06077 -1.33682
   0.09028  0.05754 -1.36244
   0.07882  0.05417 -1.38672
   0.06829  0.05071 -1.40961
   0.05880  0.04726 -1.43090
   0.05036  0.04386 -1.44957
   0.04296  0.04056 -1.46550
   0.03651  0.03741 -1.47773
   0.03092  0.03440 -1.48669
   0.02607  0.03154 -1.48883
   0.02184  0.02882 -1.48986
   0.01816  0.02621 -1.48134
   0.01495  0.02371 -1.46352
   0.01216  0.02131 -1.43951
   0.00973  0.01899 -1.40166
   0.00763  0.01674 -1.34578
   0.00581  0.01454 -1.27203
   0.00425  0.01236 -1.17991
   0.00294  0.01022 -1.05872
   0.00188  0.00811 -0.89939
   0.00107  0.00606 -0.70985
   0.00049  0.00408 -0.50461
   0.00014  0.00218 -0.27943
   0.00000  0.00031 -0.03679
   0.00009 -0.00155  0.23068
   0.00040 -0.00343  0.47095
   0.00095 -0.00536  0.67571
   0.00176 -0.00732  0.83165
   0.00287 -0.00929  0.93754
   0.00426 -0.01124  0.98915
   0.00592 -0.01317  0.99932
   0.00785 -0.01508  0.98071
   0.01006 -0.01697  0.94304
   0.01259 -0.01886  0.89367
   0.01547 -0.02078  0.83748
   0.01875 -0.02272  0.77576
   0.02249 -0.02470  0.71440
   0.02674 -0.02673  0.65132
   0.03161 -0.02882  0.58827
   0.03721 -0.03098  0.52799
   0.04367 -0.03323  0.46732
   0.05113 -0.03555  0.40871
   0.05970 -0.03793  0.35297
   0.06945 -0.04034  0.29968
   0.08039 -0.04273  0.25028
   0.09242 -0.04503  0.20506
   0.10539 -0.04720  0.16443
   0.11911 -0.04918  0.12866
   0.13342 -0.05096  0.09756
   0.14816 -0.05250  0.07045
   0.16322 -0.05382  0.04760
   0.17854 -0.05491  0.02809
   0.19406 -0.05578  0.01179
   0.20974 -0.05644 -0.00178
   0.22554 -0.05689 -0.01240
   0.24146 -0.05715 -0.02092
   0.25748 -0.05721 -0.02704
   0.27360 -0.05710 -0.03126
   0.28979 -0.05682 -0.03378
   0.30606 -0.05637 -0.03455
   0.32240 -0.05577 -0.03383
   0.33882 -0.05502 -0.03177
   0.35531 -0.05414 -0.02846
   0.37186 -0.05313 -0.02424
   0.38848 -0.05199 -0.01892
   0.40517 -0.05075 -0.01289
   0.42192 -0.04940 -0.00615
   0.43874 -0.04796  0.00103
   0.45562 -0.04643  0.00872
   0.47255 -0.04482  0.01664
   0.48955 -0.04315  0.02499
   0.50660 -0.04141  0.03338
   0.52371 -0.03962  0.04199
   0.54087 -0.03779  0.05056
   0.55807 -0.03591  0.05924
   0.57532 -0.03401  0.06782
   0.59262 -0.03208  0.07634
   0.60995 -0.03014  0.08471
   0.62729 -0.02819  0.09278
   0.64460 -0.02626  0.10049
   0.66184 -0.02434  0.10772
   0.67899 -0.02246  0.11445
   0.69606 -0.02063  0.12072
   0.71301 -0.01887  0.12654
   0.72985 -0.01719  0.13187
   0.74657 -0.01560  0.13633
   0.76317 -0.01413  0.15377
   0.77966 -0.01280  0.18416
   0.79606 -0.01160  0.19640
   0.81241 -0.01057  0.19623
   0.82875 -0.00968  0.18988
   0.84513 -0.00896  0.17944
   0.86159 -0.00838  0.16515
   0.87817 -0.00791  0.14646
   0.89482 -0.00752  0.12418
   0.91132 -0.00715  0.09962
   0.92730 -0.00672  0.07582
   0.94253 -0.00617  0.05759
   0.95688 -0.00544  0.04845
   0.97024 -0.00450  0.05393
   0.98246 -0.00339  0.07685
   0.99342 -0.00213  0.12280
   1.00000 -0.00126  0.15840
